1
FDGSD
0
1
7
Computer
0
1
7
15
46
5
11
1
0 1 0 0 0 0 
0 1 0 0 0 0 
0 0 0 2 0 0 
0 0 0 0 0 2 
0 1 0 0 0 0 
1 2 2 0 0 0 
0 2 0 0 0 0 
0 0 0 0 0 0 
0 2 0 0 0 0 
1 1 0 0 2 0 
0 1 0 0 0 0 
0 0 0 0 0 
0 0 0 0 0 
2 0 0 0 0 
0 0 0 0 0 
2 0 0 0 0 
0 0 0 0 
0 1 1 0 
5 4 2 0 
1 2 1 0 
6 0 2 0 
9 0 1 0 
3 10 2 0 
9 2 1 0 
2 4 2 0 
10 1 1 0 
8 0 2 1 
5 0 1 0 
9 8 2 0 
4 1 1 0 
5 2 2 1 
0 0 0 0 
0 0 0 0 
0 0 0 0 
0 0 0 0 
0 0 0 0 
0 0 0 0 
0 0 0 0 
0 0 0 0 
0 0 0 0 
0 0 0 0 
0 0 0 0 
0 0 0 0 
0 0 0 0 
0 0 0 0 
0 0 0 0 
0 0 0 0 
0 0 0 0 
0 0 0 0 
0 0 0 0 
0 0 0 0 
0 0 0 0 
0 0 0 0 
0 0 0 0 
0 0 0 0 
0 0 0 0 
0 0 0 0 
0 0 0 0 
0 0 0 0 
0 0 0 0 
0 0 0 0 
0 0 0 0 
0 0 0 0 
0 0 0 0 
0 0 0 0 
0 0 0 0 
0 0 0 0 
0 0 0 0 
0 0 0 0 
0 0 0 0 
0 0 0 0 
0 0 0 0 
0 0 0 0 
0 0 0 0 
0 0 0 0 
0 0 0 0 
14
51
