1
DSFS
7
1
17
SDFSD
6
0
17
35
26
5
11
2
0 2 2 1 2 2 
2 2 1 2 2 2 
0 2 2 1 2 1 
2 1 1 1 1 1 
0 1 2 1 1 1 
1 2 1 1 0 0 
0 1 2 1 0 0 
0 0 0 0 0 0 
0 0 0 0 0 0 
0 0 0 0 0 0 
0 0 0 0 0 0 
2 2 1 2 2 
2 1 1 1 1 
1 2 1 0 0 
0 0 0 0 0 
0 0 0 0 0 
0 0 0 0 0 0 0 0 
0 1 1 0 0 0 0 0 
1 0 2 0 0 0 0 0 
2 1 1 0 0 0 0 0 
1 2 2 1 0 0 0 0 
3 0 2 0 0 0 0 0 
4 1 1 0 0 0 0 0 
3 2 2 1 1 0 0 0 
2 3 2 0 0 0 0 0 
2 5 1 0 0 0 0 0 
3 6 2 0 0 0 0 0 
4 5 1 0 0 0 0 0 
4 3 2 0 0 0 0 0 
3 4 1 2 1 2 1 1 
1 4 1 0 0 0 0 0 
0 3 2 1 0 1 0 0 
0 5 2 0 0 0 0 0 
1 6 1 1 0 2 0 0 
3 8 1 0 0 0 0 0 
4 7 2 0 0 0 0 0 
2 7 1 1 1 3 0 0 
1 8 1 0 0 0 0 0 
0 7 2 1 0 3 0 0 
1 10 2 0 0 0 0 0 
2 9 1 0 0 0 0 0 
0 9 2 1 0 4 0 0 
3 10 2 0 0 0 0 0 
4 9 1 1 1 4 0 0 
5 0 1 0 0 0 0 0 
6 1 2 0 0 0 0 0 
5 2 1 1 2 0 0 0 
6 3 1 0 0 0 0 0 
5 4 2 1 2 1 0 0 
6 5 2 0 0 0 0 0 
5 6 1 1 2 2 0 0 
0 0 0 0 0 0 0 0 
0 0 0 0 0 0 0 0 
0 0 0 0 0 0 0 0 
0 0 0 0 0 0 0 0 
0 0 0 0 0 0 0 0 
0 0 0 0 0 0 0 0 
0 0 0 0 0 0 0 0 
0 0 0 0 0 0 0 0 
0 0 0 0 0 0 0 0 
0 0 0 0 0 0 0 0 
0 0 0 0 0 0 0 0 
0 0 0 0 0 0 0 0 
0 0 0 0 0 0 0 0 
0 0 0 0 0 0 0 0 
0 0 0 0 0 0 0 0 
0 0 0 0 0 0 0 0 
0 0 0 0 0 0 0 0 
0 0 0 0 0 0 0 0 
0 0 0 0 0 0 0 0 
0 0 0 0 0 0 0 0 
0 0 0 0 0 0 0 0 
0 0 0 0 0 0 0 0 
0 0 0 0 0 0 0 0 
0 0 0 0 0 0 0 0 
0 0 0 0 0 0 0 0 
35
122
